superkingdom

Mean		0.012012183906163622
St.Dev.		0.012150684990363776
Unkowns: [0.0, 0.005653961407674849, 0.0024404330955266865, 0.0037655919039774064, 0.008302638729545318, 0.020227143328039317, 0.0016121361610201598, 0.012259955641251409, 0.0010025967255190944, 0.026065211902027385, 0.010077462091946763, 0.010063399416322834, 0.00864311026251483, 0.007139860951207975, 0.019669903259839423, 0.0027444128328744065, 0.00895272958777654, 0.003182295526147104, 0.016181375237102093, 0.008778695360459502, 0.009538344143456697, 0.007873838608805202, 0.0407040704070407, 0.018460182577160585, 0.020517950000320594, 0.012521088148460566, 0.0006453444848860322, 0.0006528395255162329, 0.06267957976947228, 0.013622291021671826, 0.0023829003073941395, 0.012232646109548051, 0.008569439237319907, 0.008702361820998218, 0.05772379165692163, 0.0014933620058838462, 0.021151850456417272, 0.0009441889888680118, 0.0022776103312404624, 0.003096326724395958, 0.0018659733539005063, 0.009685816332707792, 0.011468740934634923, 0.028944012891819797, 0.004563639959231483, 0.02697443209186721, 0.007743393063741789, 0.006619119326173652, 0.0018361426315596197, 0.0013211959465708359, 0.014686983660730677, 0.027961187908993688, 0.016718493998060656, 0.008995673898643287, 0.024034175046323932, 0.0028927024349322747, 0.019306690100993965, 0.002176420658584891, 0.018393130165883044, 0.005722296929987697, 0.012401123187442978, 0.026282787777752746, 0.0, 0.056462427279418435, 0.0, 0.0024072023494294934, 0.005502928344011635, 0.0, 0.01941927912258631, 0.01004859867723901, 0.005439343548938551, 0.036179041029293715, 0.004134196002232466, 0.01709443454052602, 0.013992812113356509, 0.020982956117008594, 0.01435818895376663, 0.003540224025376326, 0.0013704199423510012, 0.005204899545438773, 0.014908017531828618, 0.0016468766983415953, 0.02544361412403291, 0.0027816927527631484, 0.0007743893939628603, 0.005174242620236463, 0.0012412491931880244, 0.0018218144056937773, 0.0385234723517039, 0.01237528037744605, 0.013179827111679651, 0.01024052431484492, 0.0019495204179771776, 0.006318031662364387, 0.026653383668903803, 0.0042060827604138784, 0.0026803902648225584, 0.02073244776163609, 0.03592120509849363, 0.007748033936388641, 0.002970598501333056, 0.0, 0.0035379694885511307, 0.02237664872390945, 0.0048345768939454985, 0.014321578406429546, 0.009772869625476983, 0.019804158873363408, 0.024810247551136675, 0.007102685460802861, 0.015141355367610479, 0.001504890895410083, 0.01759510152373579]
Length: 113


phylum

Mean		0.9405965095459065
St.Dev.		0.6035171316274718
Unkowns: [0.8415942323904765, 0.8925181936401011, 0.37419974131409184, 1.493998587903036, 0.34418211460660586, 1.2862964849719816, 0.32081509604301184, 1.6695830500540552, 0.1709427417010056, 1.417295897172739, 0.7752927502737711, 0.2953903711026526, 1.9242706393544382, 1.0709791426811963, 0.9378967508896161, 0.6065152360652438, 1.0255849116664015, 4.019239249523792, 1.5785830509084042, 1.128062353819046, 0.836989698588325, 1.5860160626307618, 1.0979097909790978, 1.4559724645534722, 1.1964529593936946, 1.0629744833403627, 0.5195023103332559, 0.24938469874720096, 0.860873520373637, 1.6693498452012383, 1.0985170417086985, 1.1686881898506676, 1.673183011086712, 1.4109429299111778, 1.826758958384132, 0.5226767020593462, 1.210943438629889, 0.4447130137568336, 0.2683784173645012, 1.2808471549917948, 0.23946658041723162, 0.947999273563775, 1.0234164704612458, 0.9269906831569313, 0.397797283113011, 1.2861023872372401, 1.1054832332765485, 0.7123827174794394, 0.0936432742095406, 0.13410138857693985, 1.2880484670460803, 1.6477478980054354, 1.3993379476376768, 0.6779466965432078, 1.511827140010699, 1.1954092812357624, 0.6737369097312376, 0.7780703854440987, 1.899090689627424, 0.9756516265629024, 1.234797551663965, 1.073088678125962, 0.34546605856090545, 1.1473971829281817, 1.228290739978416, 0.3249723171729816, 0.9606540623403168, 0.2073338593470135, 0.9853173363503576, 1.075200058464574, 1.519907997389115, 1.4087214100781242, 2.997292101618538, 0.848616571833256, 0.8211571319153951, 1.0024130399534559, 0.7290769279857056, 0.34552586487672937, 0.1365851875876498, 1.1129810194663243, 1.2366200542651837, 0.2626768333854844, 0.6031078903474467, 0.20909057191602995, 0.08131088636610033, 0.3738390293120844, 0.08812869271634974, 0.2635558173570331, 0.6857178078603293, 0.9420682187330807, 1.5590960189169283, 2.377081706583377, 0.6050011697122508, 1.306929978157662, 1.3785479586129754, 0.283719400747918, 0.2439155140988528, 0.7004605565181334, 0.869061413673233, 0.7225041645682408, 0.09802975054399085, 0.2228573495893781, 0.1245365259969998, 0.7259979363757287, 0.8573316358596683, 1.0193594042223384, 1.0501392633921631, 0.9689368100634467, 1.1192178339734988, 0.7051029566542477, 1.225368259393048, 0.22498118886380736, 1.1197522609705457]
Length: 113


class

Mean		2.232846831702912
St.Dev.		1.6772062219154549
Unkowns: [1.577807494403907, 1.8682303908502749, 0.6320721717414117, 3.739232760649565, 0.5472193708109413, 2.6932066764556053, 0.5360352735392032, 7.927733134201932, 0.31581796853851474, 3.063476936360156, 1.8522375324998155, 0.4990262181153029, 2.982658777864209, 2.880933893812418, 1.8900988859682062, 1.281640792952348, 2.5276539869489096, 8.489000622820695, 4.135240338370536, 2.3827887406961503, 1.7121327737504768, 3.280016197610852, 2.1386138613861387, 3.0429526764287287, 2.3916235469123692, 2.2050295234078447, 1.2274452102532332, 0.5190074227854051, 2.1100276233900224, 3.9529411764705884, 1.5862173046220323, 2.3307895702577324, 5.332333565422313, 3.426990085109099, 3.4863179685206287, 1.1491420635276197, 2.3498383866426065, 0.6807602609738365, 0.8563814845464139, 3.2098587042904767, 0.48888501872193263, 2.1429868636115987, 2.5636009148007477, 3.367675013494168, 0.7309430001369092, 3.1068765534382767, 2.5762724216778565, 3.516407142029753, 0.15729621877027408, 0.23054869267661085, 2.37708830548926, 3.438735565649926, 3.501688567893804, 1.7018179439160623, 3.778792554057511, 1.9851170459722733, 1.424034831931934, 1.0631814917187195, 4.03614250077596, 2.0695640563455506, 2.7149601835366233, 2.5914828748864207, 0.8352102854303097, 2.663816658432563, 2.8537733225042, 0.6876574711536919, 2.0148579065288312, 0.39047876843687546, 2.332002127677539, 2.8693316768370667, 4.538743667050011, 3.0706961073613046, 7.358868883973789, 1.9646389411218834, 1.6850291639662993, 2.0420231384779726, 1.5642449187964647, 0.6004219947038248, 0.25033004280278287, 2.0030188417363544, 2.582068636512717, 0.8028523904415277, 1.2029175344195557, 0.4098360655737705, 0.18275589697523503, 1.1241042092463716, 0.1570180229382851, 0.43784272883507114, 1.6541979027821654, 2.94454327480857, 3.3174400124045436, 4.523751616082743, 9.775545215876894, 5.132046861743416, 2.846668763982103, 0.6091172579399371, 0.5367481505307172, 1.0965983976779659, 1.8899188876013904, 1.4914965327548135, 0.20274334771598107, 0.5745088817336566, 0.22076929608559054, 1.6950311408361407, 2.0595297568207824, 2.6680258125389633, 1.8559567861474016, 2.2004620970403783, 2.0684395273188394, 1.9842320382770178, 3.141831238779174, 0.4349134687735139, 2.3880071788014217]
Length: 113


order

Mean		3.3460014111131984
St.Dev.		2.153249881248686
Unkowns: [1.750777638884851, 3.177526311113265, 1.2527556557036987, 5.1532125205930805, 1.0755691081456433, 4.605046297683617, 0.8415350760525233, 7.31362081071743, 0.5850151893403917, 4.793555376357224, 3.7387384361122495, 0.6150512937387896, 4.883357298320879, 3.9278160057832876, 2.694776746598001, 2.316284430945999, 4.169982492439917, 10.447476212340941, 6.865397926986039, 4.748020090671382, 3.5446871423120947, 5.7085329913837715, 4.365236523652365, 5.355834906418784, 4.741570007886587, 4.112188949810207, 1.6023903559720178, 0.9329076819626967, 4.245016141378507, 5.814860681114551, 2.9953056863944334, 5.803920092591721, 5.644046917679824, 4.0715450173177, 4.731360440293197, 2.025745560981438, 4.075697184820903, 1.359632143969937, 0.9676047890553232, 4.969604392655514, 0.9168149078831154, 3.0946183183001392, 4.963940929237869, 4.540298670922219, 1.1926312426791608, 4.190670699986513, 3.891738255094697, 3.500686733630091, 0.23747444701504414, 0.3236930069098548, 4.954653937947493, 4.306022937985028, 5.1166950881064635, 2.1540550044569473, 4.87040927874216, 3.008410532329566, 2.412670514689728, 2.1796852895727685, 6.331835059605237, 3.4524524810925774, 4.894014686473032, 4.4245195881862625, 1.4548048637773627, 3.567215494903258, 3.8751237747688614, 1.1073130807375668, 3.1067961165048543, 0.91687640022346, 4.212294936634048, 4.7356305038915485, 6.337612283591831, 3.9050752410993907, 13.746201707422948, 3.9134044787418496, 2.959847993872621, 3.475540549562696, 3.449953734724482, 0.800798674540125, 0.381890357268479, 3.753600055518928, 4.382211753481021, 0.9782447588149076, 1.7527823063222667, 0.5549477041762481, 0.2756826242507783, 1.2456989108219285, 0.24204359267166478, 0.5805515239477503, 2.601875322634081, 3.8355634619846852, 5.113772919331705, 7.85832234610412, 3.6339060591094587, 4.921746664981859, 3.4942149049217006, 1.0714039904254262, 0.698911761552482, 1.6985798273283277, 3.3707995365005794, 2.057103010111184, 0.28517745612797335, 0.683043305234977, 0.30143500042455634, 2.792108501883368, 2.7097803490564516, 4.381560546578828, 3.6461688129961396, 4.557157002970624, 3.7463473802216383, 3.437699763028585, 3.9097142609937054, 0.47554552294958613, 4.122884189041771]
Length: 113


family

Mean		8.64333523647982
St.Dev.		6.332111763908748
Unkowns: [4.705078636006861, 7.405881735281526, 4.989058724955055, 6.777124029183337, 3.816194674234648, 10.757094483233946, 2.5761935853102154, 10.988263878827057, 3.1105563409229906, 8.397070921812508, 14.526325690138195, 1.3982205541973256, 21.088403303239595, 14.004837255794445, 9.12504693954187, 9.040095871488294, 15.909995225210888, 53.70851082207786, 13.476388676633194, 13.872219818531825, 8.148130484547883, 10.213493509707318, 11.875687568756877, 7.909294999672481, 9.072139829829252, 13.216997047659214, 4.643253568755002, 5.780241158920726, 9.60828036076813, 7.317647058823528, 9.192435085824126, 18.14383709879273, 7.141556424401478, 9.587682096921105, 6.993535930572212, 7.897644968116721, 8.610786121742118, 7.646986620842028, 1.402248760600378, 13.689892557462663, 6.526552800826005, 9.642230159210605, 10.540447550749178, 10.130404512136929, 6.317598916896117, 11.497851679158398, 11.588215466744405, 5.384653571842266, 0.6524426817475181, 0.8792559024428914, 7.270056912061686, 5.9003011959539675, 10.423981007790818, 3.462516662441426, 7.2125784018048895, 7.121110219194526, 8.01560513158508, 12.849587568285198, 16.563013714377682, 6.121903998931838, 11.565818961317353, 12.952908753670203, 6.278504957558171, 11.75325919278894, 8.412233953783335, 3.421436939322453, 9.564089461892221, 3.7020612441183416, 14.31116439686252, 11.940475755471919, 7.755726851707954, 6.361858245994867, 17.820451867623042, 15.993064543700699, 15.119601720379428, 10.209161921657273, 13.329983089244122, 1.5846042737584436, 3.0437026919615735, 11.125472778375377, 7.9601359611198905, 2.421732184911316, 2.772882761480253, 1.1205585639047548, 0.6388712500193597, 2.817375106718754, 0.9843106101981034, 4.764044670889227, 7.2177577798152415, 9.153066749168536, 7.1318370353141844, 11.41690454551273, 4.578773621689065, 11.41126775818185, 5.9970113255033555, 1.7504951706522487, 1.3221024981237268, 3.129859167444134, 11.592120509849362, 4.119048541432611, 2.8525172109050674, 1.49343366737817, 0.7274065268461125, 20.9053840703124, 5.7273620936941, 13.291267206955231, 8.944841035391114, 10.590824073055341, 8.078951721096061, 17.3731686371238, 6.558369924942138, 0.8645598194130926, 14.878417848470985]
Length: 113


genus

Mean		12.434247018646547
St.Dev.		7.410957859679449
Unkowns: [5.386784499549405, 10.716679993861414, 5.704105621944374, 12.96493292539421, 4.5204093955679, 15.667795391207934, 3.7578893913379923, 16.4183096864795, 3.524127490199617, 14.88160692031376, 18.910693530941167, 3.2593574815455018, 25.837399523843196, 18.304818513659445, 13.108202349659354, 7.492247033747129, 20.39929173961483, 54.983247487123066, 21.819685541941226, 19.775265398772238, 13.315528424265546, 15.880407639873118, 18.107810781078108, 13.64147943476112, 14.309346567411083, 16.032264867144665, 5.675159400087767, 5.929741410263943, 15.420840682930075, 13.054489164086688, 10.77070938942151, 22.907982272072868, 11.455197900487386, 14.910626744098348, 15.370452385336167, 8.291892537670057, 15.887683674076424, 7.630935408031271, 3.2938041406955825, 15.467184097265942, 6.671476731312278, 12.096373872510442, 14.054604699485257, 19.218042289549647, 7.733087910917748, 18.86861524826111, 16.77355585719361, 9.93364332875511, 1.7779981148935649, 2.157512980750175, 13.675050486506334, 10.48397382440374, 18.899421540107667, 6.868605915882271, 14.321267143732118, 10.55330165824167, 12.488765503605025, 12.592769930572182, 23.62022784489993, 11.740245868024758, 16.896530342891054, 17.387941456967567, 6.728171915452993, 14.92725421199625, 12.008099598357829, 4.023237526679826, 12.251876891631618, 4.428305679219964, 18.523459333496568, 17.954105309314137, 13.356696608957822, 12.958880258680145, 30.09281270025012, 20.172653788859314, 19.6230778294939, 13.102902324339274, 17.343096901821895, 3.0955718877890592, 4.440160613217244, 15.492383496998507, 13.570022958347, 4.051316677920324, 6.985214433125702, 2.8957421556264373, 2.034320937940434, 4.881897912193103, 2.037510550618142, 6.1103655166969295, 10.480695888004561, 14.019645757599195, 14.34352831724619, 18.70943792322167, 7.540095136596397, 17.276206292759536, 10.991680648769576, 3.5950536466737537, 3.366570172617133, 5.8946791653708885, 13.972190034762457, 7.475884244372991, 4.360838599956926, 3.0353460439202635, 1.9784325379977923, 24.33647020797852, 9.643369377789954, 19.382992704419472, 13.533647545899171, 16.18439872373198, 13.07132486721923, 22.281124290538575, 11.002357725335814, 2.7577125658389767, 19.14769328219024]
Length: 113


species

Mean		33.56614575504132
St.Dev.		14.254928783732193
Unkowns: [22.50356115003343, 38.793444635602185, 18.20400393723206, 43.45681336785126, 14.534146488738603, 43.290581642743696, 12.988981049339426, 40.004235257403344, 13.452341564652452, 43.92721289576359, 44.34352052779028, 10.822298125247885, 46.88965891143955, 45.55142038608798, 33.059742860719204, 30.588310630940512, 46.90931879675314, 60.11083480703924, 49.11856453222342, 45.65046997372662, 41.14126287676459, 46.63787091404018, 46.605060506050606, 45.22685182428288, 45.593449644462396, 42.91372311261071, 21.173752549110716, 19.16802130868211, 44.37104092477341, 38.95603715170279, 32.93565374869934, 47.663094106687495, 37.234213486155, 41.75857327678732, 42.472270187154464, 30.34735600256858, 41.21173663302201, 23.642492281255016, 10.843702787035841, 42.23286441185274, 20.023760060706334, 42.22047339427326, 42.570617085725466, 49.374574640351085, 20.569085902916164, 44.72649852603996, 47.40824079219466, 30.108719034932403, 5.334606392224548, 7.217032858143191, 46.913897558288966, 40.89004876038734, 47.69953522586685, 25.613136955046162, 44.1236442011738, 33.65514647921955, 31.95856384855566, 30.58741593575206, 50.53627470139903, 36.9746216131155, 47.32977243938951, 38.69652391358219, 29.973789466090622, 41.09153971022676, 33.46090942468375, 17.066262256671962, 35.98443457411265, 14.060115300662893, 47.08837460633744, 46.20893777176892, 32.296490846361856, 40.166649707741186, 62.0274097194948, 48.27407262692618, 42.55729688328522, 38.89858555800357, 48.42299224657797, 9.901298554172508, 8.079082366806603, 44.10631874804816, 38.99341065625093, 12.633191152978377, 22.289548328731495, 9.819839032712707, 7.266095683553518, 15.351331073914057, 6.578620723896529, 11.82843366470113, 25.752170797667016, 44.595869750174025, 44.649377834631935, 47.5083524276443, 24.433989238647293, 44.05743993357041, 39.443075363534675, 14.322858912689368, 10.456872520639005, 20.50587172538392, 37.74623406720742, 24.949637779413475, 8.463235130297877, 11.80203321153359, 6.337210947892785, 51.2033664424858, 30.68828259713471, 49.72115044396893, 41.29037416764025, 46.78695859463821, 35.83059195412861, 46.75633268978699, 37.489995890203545, 7.973664409330324, 44.92381321040222]
Length: 113


