Bologna

Mean		15.222222222222221
St.Dev.		2.8588178511708016
Time gaps: [12, 14, 14, 14, 13, 14, 22, 16, 14, 14, 19, 14, 14, 16, 12, 21, 16, 14, 12, 14, 14, 14, 21, 14, 14, 21, 14]
Length: 27


Rome

Mean		14.052631578947368
St.Dev.		3.926612095493576
Time gaps: [14, 14, 7, 21, 14, 21, 14, 14, 17, 13, 13, 13, 14, 14, 21, 14, 14, 7, 8]
Length: 19


Budapest

Mean		14.56
St.Dev.		6.818093575186542
Time gaps: [7, 7, 28, 7, 21, 7, 14, 21, 8, 20, 22, 7, 20, 14, 21, 21, 7, 21, 7, 21, 14, 6, 22, 8, 13]
Length: 25


Rotterdam

Mean		15.105263157894736
St.Dev.		4.52937473135793
Time gaps: [15, 11, 17, 13, 21, 12, 18, 12, 20, 8, 21, 14, 16, 12, 21, 7, 21, 14, 14, 14, 22, 6, 21, 14, 15, 13, 21, 14, 14, 15, 20, 14, 19, 23, 7, 8, 13, 14]
Length: 38


