Bologna - superkingdom

Mean		0.015475070630352212
St.Dev.		0.015985929634899688
Unkowns: [0.009538344143456697, 0.0407040704070407, 0.018393130165883044, 0.005722296929987697, 0.03592120509849363, 0.009685816332707792, 0.056462427279418435, 0.0018218144056937773, 0.05772379165692163, 0.016718493998060656, 0.02697443209186721, 0.019669903259839423, 0.02544361412403291, 0.0013704199423510012, 0.026653383668903803, 0.0018361426315596197, 0.0013211959465708359, 0.005502928344011635, 0.0042060827604138784, 0.004563639959231483, 0.0, 0.0012412491931880244, 0.020982956117008594, 0.02073244776163609, 0.003540224025376326, 0.010063399416322834, 0.0035379694885511307, 0.002970598501333056]
Length: 28


Rome - superkingdom

Mean		0.0019097563372491241
St.Dev.		0.0019861031351386736
Unkowns: [0.0, 0.003096326724395958, 0.0023829003073941395, 0.005653961407674849, 0.0006453444848860322, 0.0014933620058838462, 0.0027444128328744065, 0.0, 0.0006528395255162329, 0.0010025967255190944, 0.0007743893939628603, 0.0016121361610201598, 0.0024072023494294934, 0.0024404330955266865, 0.002176420658584891, 0.0009441889888680118, 0.0, 0.008302638729545318, 0.0018659733539005063, 0.0]
Length: 20


Budapest - superkingdom

Mean		0.010476440230699258
St.Dev.		0.009910792369476024
Unkowns: [0.024034175046323932, 0.0037655919039774064, 0.026065211902027385, 0.008702361820998218, 0.036179041029293715, 0.013622291021671826, 0.006619119326173652, 0.0022776103312404624, 0.0027816927527631484, 0.0026803902648225584, 0.015141355367610479, 0.013179827111679651, 0.005439343548938551, 0.0048345768939454985, 0.006318031662364387, 0.004134196002232466, 0.0019495204179771776, 0.007748033936388641, 0.0385234723517039, 0.01024052431484492, 0.001504890895410083, 0.008995673898643287, 0.008569439237319907, 0.0016468766983415953, 0.005174242620236463, 0.012259955641251409]
Length: 26


Rotterdam - superkingdom

Mean		0.015730570025729848
St.Dev.		0.010022561798462674
Unkowns: [0.06267957976947228, 0.018460182577160585, 0.012232646109548051, 0.020517950000320594, 0.014686983660730677, 0.012521088148460566, 0.020227143328039317, 0.008778695360459502, 0.007873838608805202, 0.021151850456417272, 0.027961187908993688, 0.013992812113356509, 0.007139860951207975, 0.02237664872390945, 0.01237528037744605, 0.007743393063741789, 0.014321578406429546, 0.016181375237102093, 0.007102685460802861, 0.01004859867723901, 0.00895272958777654, 0.011468740934634923, 0.00864311026251483, 0.01435818895376663, 0.028944012891819797, 0.01709443454052602, 0.019804158873363408, 0.012401123187442978, 0.01941927912258631, 0.01759510152373579, 0.010077462091946763, 0.003182295526147104, 0.026282787777752746, 0.024810247551136675, 0.019306690100993965, 0.014908017531828618, 0.0028927024349322747, 0.009772869625476983, 0.005204899545438773]
Length: 39


Bologna - phylum

Mean		0.7269017905093617
St.Dev.		0.5276041168949337
Unkowns: [0.836989698588325, 1.0979097909790978, 1.899090689627424, 0.9756516265629024, 0.869061413673233, 0.947999273563775, 1.1473971829281817, 0.2635558173570331, 1.826758958384132, 1.3993379476376768, 1.2861023872372401, 0.9378967508896161, 0.6031078903474467, 0.1365851875876498, 1.3785479586129754, 0.0936432742095406, 0.13410138857693985, 0.9606540623403168, 0.283719400747918, 0.397797283113011, 0.2228573495893781, 0.08812869271634974, 1.0024130399534559, 0.7004605565181334, 0.34552586487672937, 0.2953903711026526, 0.1245365259969998, 0.09802975054399085]
Length: 28


Rome - phylum

Mean		0.5435659552322207
St.Dev.		0.35002967617395525
Unkowns: [1.228290739978416, 1.2808471549917948, 1.0985170417086985, 0.8925181936401011, 0.5195023103332559, 0.5226767020593462, 0.6065152360652438, 0.34546605856090545, 0.24938469874720096, 0.1709427417010056, 0.08131088636610033, 0.32081509604301184, 0.3249723171729816, 0.37419974131409184, 0.7780703854440987, 0.4447130137568336, 0.2073338593470135, 0.34418211460660586, 0.23946658041723162, 0.8415942323904765]
Length: 20


Budapest - phylum

Mean		1.1186286030938595
St.Dev.		0.6911691637939291
Unkowns: [1.511827140010699, 1.493998587903036, 1.417295897172739, 1.4109429299111778, 1.4087214100781242, 1.6693498452012383, 0.7123827174794394, 0.2683784173645012, 0.20909057191602995, 0.2439155140988528, 1.225368259393048, 1.5590960189169283, 1.519907997389115, 0.8573316358596683, 1.306929978157662, 2.997292101618538, 0.6050011697122508, 0.7225041645682408, 0.6857178078603293, 2.377081706583377, 0.22498118886380736, 0.6779466965432078, 1.673183011086712, 0.2626768333854844, 0.3738390293120844, 1.6695830500540552]
Length: 26


Rotterdam - phylum

Mean		1.1789357092138597
St.Dev.		0.5316224206347313
Unkowns: [0.860873520373637, 1.4559724645534722, 1.1686881898506676, 1.1964529593936946, 1.2880484670460803, 1.0629744833403627, 1.2862964849719816, 1.128062353819046, 1.5860160626307618, 1.210943438629889, 1.6477478980054354, 0.8211571319153951, 1.0709791426811963, 0.7259979363757287, 0.9420682187330807, 1.1054832332765485, 1.0193594042223384, 1.5785830509084042, 0.7051029566542477, 1.075200058464574, 1.0255849116664015, 1.0234164704612458, 1.9242706393544382, 0.7290769279857056, 0.9269906831569313, 0.848616571833256, 0.9689368100634467, 1.234797551663965, 0.9853173363503576, 1.1197522609705457, 0.7752927502737711, 4.019239249523792, 1.073088678125962, 1.1192178339734988, 0.6737369097312376, 1.2366200542651837, 1.1954092812357624, 1.0501392633921631, 1.1129810194663243]
Length: 39


Bologna - class

Mean		1.518278179330902
St.Dev.		1.1605050900161114
Unkowns: [1.7121327737504768, 2.1386138613861387, 4.03614250077596, 2.0695640563455506, 1.8899188876013904, 2.1429868636115987, 2.663816658432563, 0.43784272883507114, 3.4863179685206287, 3.501688567893804, 3.1068765534382767, 1.8900988859682062, 1.2029175344195557, 0.25033004280278287, 2.846668763982103, 0.15729621877027408, 0.23054869267661085, 2.0148579065288312, 0.6091172579399371, 0.7309430001369092, 0.5745088817336566, 0.1570180229382851, 2.0420231384779726, 1.0965983976779659, 0.6004219947038248, 0.4990262181153029, 0.22076929608559054, 0.20274334771598107]
Length: 28


Rome - class

Mean		1.0816598342115085
St.Dev.		0.7923882340746177
Unkowns: [2.8537733225042, 3.2098587042904767, 1.5862173046220323, 1.8682303908502749, 1.2274452102532332, 1.1491420635276197, 1.281640792952348, 0.8352102854303097, 0.5190074227854051, 0.31581796853851474, 0.18275589697523503, 0.5360352735392032, 0.6876574711536919, 0.6320721717414117, 1.0631814917187195, 0.6807602609738365, 0.39047876843687546, 0.5472193708109413, 0.48888501872193263, 1.577807494403907]
Length: 20


Budapest - class

Mean		3.333411879344574
St.Dev.		2.341673422662771
Unkowns: [3.778792554057511, 3.739232760649565, 3.063476936360156, 3.426990085109099, 3.0706961073613046, 3.9529411764705884, 3.516407142029753, 0.8563814845464139, 0.4098360655737705, 0.5367481505307172, 3.141831238779174, 3.3174400124045436, 4.538743667050011, 2.0595297568207824, 5.132046861743416, 7.358868883973789, 9.775545215876894, 1.4914965327548135, 1.6541979027821654, 4.523751616082743, 0.4349134687735139, 1.7018179439160623, 5.332333565422313, 0.8028523904415277, 1.1241042092463716, 7.927733134201932]
Length: 26


Rotterdam - class

Mean		2.6025127542044815
St.Dev.		1.1025772764101802
Unkowns: [2.1100276233900224, 3.0429526764287287, 2.3307895702577324, 2.3916235469123692, 2.37708830548926, 2.2050295234078447, 2.6932066764556053, 2.3827887406961503, 3.280016197610852, 2.3498383866426065, 3.438735565649926, 1.6850291639662993, 2.880933893812418, 1.6950311408361407, 2.94454327480857, 2.5762724216778565, 2.6680258125389633, 4.135240338370536, 1.9842320382770178, 2.8693316768370667, 2.5276539869489096, 2.5636009148007477, 2.982658777864209, 1.5642449187964647, 3.367675013494168, 1.9646389411218834, 2.2004620970403783, 2.7149601835366233, 2.332002127677539, 2.3880071788014217, 1.8522375324998155, 8.489000622820695, 2.5914828748864207, 2.0684395273188394, 1.424034831931934, 2.582068636512717, 1.9851170459722733, 1.8559567861474016, 2.0030188417363544]
Length: 39


Bologna - order

Mean		2.310837683106217
St.Dev.		1.7525091902625107
Unkowns: [3.5446871423120947, 4.365236523652365, 6.331835059605237, 3.4524524810925774, 3.3707995365005794, 3.0946183183001392, 3.567215494903258, 0.5805515239477503, 4.731360440293197, 5.1166950881064635, 4.190670699986513, 2.694776746598001, 1.7527823063222667, 0.381890357268479, 3.4942149049217006, 0.23747444701504414, 0.3236930069098548, 3.1067961165048543, 1.0714039904254262, 1.1926312426791608, 0.683043305234977, 0.24204359267166478, 3.475540549562696, 1.6985798273283277, 0.800798674540125, 0.6150512937387896, 0.30143500042455634, 0.28517745612797335]
Length: 28


Rome - order

Mean		1.780567508666816
St.Dev.		1.1580542024330438
Unkowns: [3.8751237747688614, 4.969604392655514, 2.9953056863944334, 3.177526311113265, 1.6023903559720178, 2.025745560981438, 2.316284430945999, 1.4548048637773627, 0.9329076819626967, 0.5850151893403917, 0.2756826242507783, 0.8415350760525233, 1.1073130807375668, 1.2527556557036987, 2.1796852895727685, 1.359632143969937, 0.91687640022346, 1.0755691081456433, 0.9168149078831154, 1.750777638884851]
Length: 20


Budapest - order

Mean		4.039694459708316
St.Dev.		2.837861823591609
Unkowns: [4.87040927874216, 5.1532125205930805, 4.793555376357224, 4.0715450173177, 3.9050752410993907, 5.814860681114551, 3.500686733630091, 0.9676047890553232, 0.5549477041762481, 0.698911761552482, 3.9097142609937054, 5.113772919331705, 6.337612283591831, 2.7097803490564516, 4.921746664981859, 13.746201707422948, 3.6339060591094587, 2.057103010111184, 2.601875322634081, 7.85832234610412, 0.47554552294958613, 2.1540550044569473, 5.644046917679824, 0.9782447588149076, 1.2456989108219285, 7.31362081071743]
Length: 26


Rotterdam - order

Mean		4.4295204667452515
St.Dev.		1.285037605599848
Unkowns: [4.245016141378507, 5.355834906418784, 5.803920092591721, 4.741570007886587, 4.954653937947493, 4.112188949810207, 4.605046297683617, 4.748020090671382, 5.7085329913837715, 4.075697184820903, 4.306022937985028, 2.959847993872621, 3.9278160057832876, 2.792108501883368, 3.8355634619846852, 3.891738255094697, 4.381560546578828, 6.865397926986039, 3.437699763028585, 4.7356305038915485, 4.169982492439917, 4.963940929237869, 4.883357298320879, 3.449953734724482, 4.540298670922219, 3.9134044787418496, 4.557157002970624, 4.894014686473032, 4.212294936634048, 4.122884189041771, 3.7387384361122495, 10.447476212340941, 4.4245195881862625, 3.7463473802216383, 2.412670514689728, 4.382211753481021, 3.008410532329566, 3.6461688129961396, 3.753600055518928]
Length: 39


Bologna - family

Mean		6.137778525049161
St.Dev.		4.410010109264611
Unkowns: [8.148130484547883, 11.875687568756877, 16.563013714377682, 6.121903998931838, 11.592120509849362, 9.642230159210605, 11.75325919278894, 4.764044670889227, 6.993535930572212, 10.423981007790818, 11.497851679158398, 9.12504693954187, 2.772882761480253, 3.0437026919615735, 5.9970113255033555, 0.6524426817475181, 0.8792559024428914, 9.564089461892221, 1.7504951706522487, 6.317598916896117, 1.49343366737817, 0.9843106101981034, 10.209161921657273, 3.129859167444134, 1.5846042737584436, 1.3982205541973256, 0.7274065268461125, 2.8525172109050674]
Length: 28


Rome - family

Mean		6.316138112101686
St.Dev.		3.225286862409756
Unkowns: [8.412233953783335, 13.689892557462663, 9.192435085824126, 7.405881735281526, 4.643253568755002, 7.897644968116721, 9.040095871488294, 6.278504957558171, 5.780241158920726, 3.1105563409229906, 0.6388712500193597, 2.5761935853102154, 3.421436939322453, 4.989058724955055, 12.849587568285198, 7.646986620842028, 3.7020612441183416, 3.816194674234648, 6.526552800826005, 4.705078636006861]
Length: 20


Budapest - family

Mean		6.396808778678363
St.Dev.		3.8116393562667366
Unkowns: [7.2125784018048895, 6.777124029183337, 8.397070921812508, 9.587682096921105, 6.361858245994867, 7.317647058823528, 5.384653571842266, 1.402248760600378, 1.1205585639047548, 1.3221024981237268, 6.558369924942138, 7.1318370353141844, 7.755726851707954, 5.7273620936941, 11.41126775818185, 17.820451867623042, 4.578773621689065, 4.119048541432611, 7.2177577798152415, 11.41690454551273, 0.8645598194130926, 3.462516662441426, 7.141556424401478, 2.421732184911316, 2.817375106718754, 10.988263878827057]
Length: 26


Rotterdam - family

Mean		13.133315193158255
St.Dev.		7.508821249188959
Unkowns: [9.60828036076813, 7.909294999672481, 18.14383709879273, 9.072139829829252, 7.270056912061686, 13.216997047659214, 10.757094483233946, 13.872219818531825, 10.213493509707318, 8.610786121742118, 5.9003011959539675, 15.119601720379428, 14.004837255794445, 20.9053840703124, 9.153066749168536, 11.588215466744405, 13.291267206955231, 13.476388676633194, 17.3731686371238, 11.940475755471919, 15.909995225210888, 10.540447550749178, 21.088403303239595, 13.329983089244122, 10.130404512136929, 15.993064543700699, 10.590824073055341, 11.565818961317353, 14.31116439686252, 14.878417848470985, 14.526325690138195, 53.70851082207786, 12.952908753670203, 8.078951721096061, 8.01560513158508, 7.9601359611198905, 7.121110219194526, 8.944841035391114, 11.125472778375377]
Length: 39


Bologna - genus

Mean		9.529782568182712
St.Dev.		6.164350280709285
Unkowns: [13.315528424265546, 18.107810781078108, 23.62022784489993, 11.740245868024758, 13.972190034762457, 12.096373872510442, 14.92725421199625, 6.1103655166969295, 15.370452385336167, 18.899421540107667, 18.86861524826111, 13.108202349659354, 6.985214433125702, 4.440160613217244, 10.991680648769576, 1.7779981148935649, 2.157512980750175, 12.251876891631618, 3.5950536466737537, 7.733087910917748, 3.0353460439202635, 2.037510550618142, 13.102902324339274, 5.8946791653708885, 3.0955718877890592, 3.2593574815455018, 1.9784325379977923, 4.360838599956926]
Length: 28


Rome - genus

Mean		7.167712399424191
St.Dev.		3.421041092974118
Unkowns: [12.008099598357829, 15.467184097265942, 10.77070938942151, 10.716679993861414, 5.675159400087767, 8.291892537670057, 7.492247033747129, 6.728171915452993, 5.929741410263943, 3.524127490199617, 2.034320937940434, 3.7578893913379923, 4.023237526679826, 5.704105621944374, 12.592769930572182, 7.630935408031271, 4.428305679219964, 4.5204093955679, 6.671476731312278, 5.386784499549405]
Length: 20


Budapest - genus

Mean		11.112911070282163
St.Dev.		6.026635971687388
Unkowns: [14.321267143732118, 12.96493292539421, 14.88160692031376, 14.910626744098348, 12.958880258680145, 13.054489164086688, 9.93364332875511, 3.2938041406955825, 2.8957421556264373, 3.366570172617133, 11.002357725335814, 14.34352831724619, 13.356696608957822, 9.643369377789954, 17.276206292759536, 30.09281270025012, 7.540095136596397, 7.475884244372991, 10.480695888004561, 18.70943792322167, 2.7577125658389767, 6.868605915882271, 11.455197900487386, 4.051316677920324, 4.881897912193103, 16.4183096864795]
Length: 26


Rotterdam - genus

Mean		18.101181163644206
St.Dev.		6.933869211298781
Unkowns: [15.420840682930075, 13.64147943476112, 22.907982272072868, 14.309346567411083, 13.675050486506334, 16.032264867144665, 15.667795391207934, 19.775265398772238, 15.880407639873118, 15.887683674076424, 10.48397382440374, 19.6230778294939, 18.304818513659445, 24.33647020797852, 14.019645757599195, 16.77355585719361, 19.382992704419472, 21.819685541941226, 22.281124290538575, 17.954105309314137, 20.39929173961483, 14.054604699485257, 25.837399523843196, 17.343096901821895, 19.218042289549647, 20.172653788859314, 16.18439872373198, 16.896530342891054, 18.523459333496568, 19.14769328219024, 18.910693530941167, 54.983247487123066, 17.387941456967567, 13.07132486721923, 12.488765503605025, 13.570022958347, 10.55330165824167, 13.533647545899171, 15.492383496998507]
Length: 39


Bologna - species

Mean		26.523243786039504
St.Dev.		15.653719917563134
Unkowns: [41.14126287676459, 46.605060506050606, 50.53627470139903, 36.9746216131155, 37.74623406720742, 42.22047339427326, 41.09153971022676, 11.82843366470113, 42.472270187154464, 47.69953522586685, 44.72649852603996, 33.059742860719204, 22.289548328731495, 8.079082366806603, 39.443075363534675, 5.334606392224548, 7.217032858143191, 35.98443457411265, 14.322858912689368, 20.569085902916164, 11.80203321153359, 6.578620723896529, 38.89858555800357, 20.50587172538392, 9.901298554172508, 10.822298125247885, 6.337210947892785, 8.463235130297877]
Length: 28


Rome - species

Mean		23.65016389434141
St.Dev.		9.254922529712166
Unkowns: [33.46090942468375, 42.23286441185274, 32.93565374869934, 38.793444635602185, 21.173752549110716, 30.34735600256858, 30.588310630940512, 29.973789466090622, 19.16802130868211, 13.452341564652452, 7.266095683553518, 12.988981049339426, 17.066262256671962, 18.20400393723206, 30.58741593575206, 23.642492281255016, 14.060115300662893, 14.534146488738603, 20.023760060706334, 22.50356115003343]
Length: 20


Budapest - species

Mean		31.780037822151403
St.Dev.		13.900796788215466
Unkowns: [44.1236442011738, 43.45681336785126, 43.92721289576359, 41.75857327678732, 40.166649707741186, 38.95603715170279, 30.108719034932403, 10.843702787035841, 9.819839032712707, 10.456872520639005, 37.489995890203545, 44.649377834631935, 32.296490846361856, 30.68828259713471, 44.05743993357041, 62.0274097194948, 24.433989238647293, 24.949637779413475, 25.752170797667016, 47.5083524276443, 7.973664409330324, 25.613136955046162, 37.234213486155, 12.633191152978377, 15.351331073914057, 40.004235257403344]
Length: 26


Rotterdam - species

Mean		44.89844571917429
St.Dev.		4.848929260878678
Unkowns: [44.37104092477341, 45.22685182428288, 47.663094106687495, 45.593449644462396, 46.913897558288966, 42.91372311261071, 43.290581642743696, 45.65046997372662, 46.63787091404018, 41.21173663302201, 40.89004876038734, 42.55729688328522, 45.55142038608798, 51.2033664424858, 44.595869750174025, 47.40824079219466, 49.72115044396893, 49.11856453222342, 46.75633268978699, 46.20893777176892, 46.90931879675314, 42.570617085725466, 46.88965891143955, 48.42299224657797, 49.374574640351085, 48.27407262692618, 46.78695859463821, 47.32977243938951, 47.08837460633744, 44.92381321040222, 44.34352052779028, 60.11083480703924, 38.69652391358219, 35.83059195412861, 31.95856384855566, 38.99341065625093, 33.65514647921955, 41.29037416764025, 44.10631874804816]
Length: 39


